film/uporabnik,86.0,585.0,463.0,350.0,665.0,602.0,433.0,386.0,240.0,396.0,608.0,572.0,487.0,250.0,516.0,417.0,48.0,537.0,118.0,564.0,596.0,133.0,358.0,582.0,529.0,466.0,152.0,285.0,520.0,75.0,188.0,342.0,294.0,214.0,26.0,463.0,287.0,205.0,646.0,9999.0
1197.000,0,4.000,4.000,5.000,0,0,0,0,4.000,0,0,0,0,0,0,4.500,0,5.000,0,4.000,0,0,5.000,5.000,0,5.000,0,4.000,0,3.500,0,0,5.000,0,0,4.000,5.000,4.000,0,0
5349.000,0,0,4.000,0,0,0,3.500,0,3.500,0,0,0,0,0,0,4.500,3.500,0,0,0,3.500,0,0,4.000,0,0,2.000,0,2.500,0,0,0,4.000,0,0,4.000,5.000,0,0,3.000
527.000,5.000,5.000,5.000,0,5.000,5.000,5.000,5.000,4.500,0,4.000,4.000,5.000,5.000,5.000,0,4.500,5.000,5.000,4.000,4.500,0,5.000,0,5.000,5.000,0,5.000,5.000,4.000,5.000,5.000,4.000,5.000,0,5.000,0,0,0,5.0
595.000,3.000,0,5.000,0,5.000,5.000,0,0,3.500,4.000,0,0,4.000,0,4.000,0,3.500,0,0,4.000,3.000,2.500,5.000,4.000,0,5.000,0,0,4.500,0,4.000,0,5.000,4.000,0,5.000,5.000,0,5.000,4.000
778.000,4.000,0,0,0,0,5.000,0,0,0,0,4.000,0,0,0,0,0,4.500,0,0,4.000,4.500,0,4.000,0,0,0,2.000,0,0,0,0,0,0,0,4.500,0,0,0,0,0
208.000,3.000,0,0,0,0,3.000,0,0,0,3.000,0,0,3.000,0,0,0,0,0,0,1.000,0,0,0,0,0,0,1.500,0,0,0,2.000,0,0,0,0,0,0,0,0,4.0
3793.000,0,0,4.000,0,4.000,0,3.000,3.000,3.500,0,0,0,0,0,0,0,3.500,0,0,0,3.500,0,0,4.500,0,0,0,4.000,3.500,3.000,0,0,4.500,5.000,0,4.000,0,0,0,4.0
185.000,0,0,0,0,0,0,0,0,0,3.000,0,0,3.000,0,3.000,0,0,0,0,4.000,0,0,0,0,0,0,1.500,3.000,0,0,0,0,3.500,0,0,0,0,0,0,0
924.000,0,5.000,0,0,0,0,5.000,0,4.500,0,5.000,0,0,0,0,0,4.500,5.000,5.000,3.000,3.500,0,0,0,4.000,0,4.000,0,0,0,0,5.000,0,5.000,0,0,0.500,0,0,4.0
3996.000,0,0,4.000,3.000,4.000,0,0,4.000,4.000,0,0,0,0,0,0,4.500,0,0,0,0,0,0,0,0,3.000,0,4.000,0,0,0,0,0,4.000,0,0,4.000,5.000,4.500,0,0.000
1089.000,0,4.000,4.000,5.000,0,0,0,0,0,0,4.000,0,0,0,0,0,0,0,4.000,5.000,4.000,0,3.000,0,0,0,3.500,5.000,4.000,0,0,0,0,5.000,3.500,4.000,0,0,0,0
6539.000,0,0,0,0,0,0,0,0,4.500,0,0,0,0,4.000,0,4.000,4.000,0,0,0,4.500,0,0,4.500,0,0,3.000,0,2.500,0,0,0,4.500,0,1.500,0,0,5.000,0,5.000
208.000,3.000,0,0,0,0,3.000,0,0,0,3.000,0,0,3.000,0,0,0,0,0,0,1.000,0,0,0,0,0,0,1.500,0,0,0,2.000,0,0,0,0,0,0,0,0,5.0
1732.000,0,0,3.000,4.000,0,0,0,0,0,0,4.000,0,0,0,0,0,3.500,0,0,5.000,5.000,0.500,4.000,0,0,0,4.000,5.000,0,0,0,0,0,0,4.000,3.000,0,0,0,0
1732.000,0,0,3.000,4.000,0,0,0,0,0,0,4.000,0,0,0,0,0,3.500,0,0,5.000,5.000,0.500,4.000,0,0,0,4.000,5.000,0,0,0,0,0,0,4.000,3.000,0,0,0,0
2918.000,0,0,4.000,0,5.000,0,0,0,0,0,0,0,0,0,0,0,0,0,0,4.000,1.000,2.000,4.000,0,2.000,5.000,0,4.000,0,0,0,4.000,3.500,5.000,0,4.000,0,0,0,0
4973.000,0,0,4.000,4.000,0,0,0,0,4.500,0,0,0,0,5.000,0,0,5.000,0,0,0,5.000,3.000,0,0,4.000,0,4.500,0,5.000,4.000,0,0,0,0,3.500,4.000,0,0,0,0.0
2858.000,0,4.000,5.000,5.000,3.000,0,4.000,4.000,4.000,0,4.000,4.000,0,4.500,0,0,0,0,0,5.000,5.000,0,4.000,0,5.000,0,4.500,5.000,4.500,0,0,0,0,5.000,4.000,5.000,0,0,0,0
1704.000,0,0,0,0,5.000,0,0,0,4.000,0,3.000,4.500,0,4.500,0,0,0,0,0,2.000,4.500,4.000,0,4.500,4.000,4.000,2.000,0,4.000,0,0,5.000,3.000,5.000,0,0,0,0,0,0
2959.000,0,0,0,5.000,5.000,0,0,5.000,0,0,5.000,4.500,0,4.500,0,0,5.000,0,0,5.000,5.000,3.000,0,0,0,0,4.500,0,4.500,3.500,0,0,0,0,4.000,0,0,3.000,0,5.0
1097.000,0,0,4.000,0,5.000,0,0,3.000,0,0,0,0,0,0,4.000,0,3.500,4.000,0,4.000,3.500,0,0,0,0,5.000,2.500,4.000,3.500,0,0,4.000,3.000,4.000,0,4.000,4.500,0,0,0
1225.000,0,4.000,4.000,0,0,0,4.000,0,0,0,0,0,0,0,0,0,0,3.000,0,3.000,0,0,5.000,0,2.000,0,0,0,0,1.000,0,4.000,0,5.000,0,4.000,0,0,0,0
1704.000,0,0,0,0,5.000,0,0,0,4.000,0,3.000,4.500,0,4.500,0,0,0,0,0,2.000,4.500,4.000,0,4.500,4.000,4.000,2.000,0,4.000,0,0,5.000,3.000,5.000,0,0,0,0,0,0
2918.000,0,0,4.000,0,5.000,0,0,0,0,0,0,0,0,0,0,0,0,0,0,4.000,1.000,2.000,4.000,0,2.000,5.000,0,4.000,0,0,0,4.000,3.500,5.000,0,4.000,0,0,0,0
2174.000,0,4.000,3.000,0,0,0,0,0,0,0,0,0,0,0,0,0,0,0,0,4.000,0,0,1.000,0,3.000,3.000,0,4.000,0,3.500,0,0,0,4.000,0,3.000,0,0,4.000,0
593.000,5.000,5.000,5.000,0,4.000,5.000,4.500,0,4.000,5.000,5.000,3.500,4.000,5.000,5.000,0,3.500,4.000,5.000,5.000,4.000,0.500,5.000,0,0,0,4.500,4.000,4.500,0,4.000,5.000,0,5.000,3.500,5.000,0,3.500,0,5.000
50.000,0,5.000,5.000,4.000,0,5.000,3.500,4.000,2.500,4.000,5.000,4.000,5.000,0,0,0,0,5.000,5.000,5.000,4.500,0,5.000,0,0,4.000,5.000,5.000,5.000,0,0,5.000,0,5.000,4.500,5.000,0,5.000,0,5.0
110.000,3.000,4.000,5.000,0,0,3.000,0,0,0,3.000,0,0,5.000,0,4.000,5.000,4.000,0,0,1.000,4.000,2.500,1.000,0,0,0,0.500,5.000,0,0,5.000,0,3.000,5.000,0,5.000,0,3.000,0,5.0
2797.000,0,4.000,4.000,0,5.000,0,3.500,0,3.500,0,0,0,0,0,0,3.500,0,0,0,3.000,3.500,0,5.000,0,4.000,5.000,0,4.000,0,2.000,0,0,3.500,5.000,0,4.000,0,0,0,4.0
2997.000,0,5.000,2.000,0,3.000,0,0,4.000,5.000,0,5.000,0,0,0,0,0,3.000,0,0,4.000,3.500,0,0,0,0,0,4.500,5.000,0,0,0,0,3.000,0,0,2.000,0,0,0,2.000
377.000,0,0,3.000,0,3.000,0,0,0,3.000,0,0,0,4.000,0,3.000,0,0,0,4.000,2.000,4.000,0,3.000,4.000,0,0,3.500,3.000,0,4.000,3.000,0,4.000,2.000,3.000,3.000,0,0,0,0
1136.000,0,5.000,0,0,5.000,0,0,0,0,0,0,0,0,0,0,4.000,0,5.000,0,4.000,3.500,0,4.000,0,4.000,0,4.500,4.000,0,0,0,0,4.500,0,0,0,0,0,0,5.0
4963.000,0,0,4.000,5.000,0,0,0,0,4.000,0,0,0,0,0,0,4.500,0,0,0,0,4.500,0,0,0,0,0,3.000,0,3.500,0,0,0,4.000,0,1.500,4.000,0,0,0,0.000
8961.000,0,0,0,0,0,0,4.500,0,0,0,0,0,0,0,0,4.500,3.500,0,0,0,4.000,0,0,0,4.500,0,3.500,0,4.000,0,0,0,4.500,0,4.000,0,5.000,4.000,0,3.0
527.000,5.000,5.000,5.000,0,5.000,5.000,5.000,5.000,4.500,0,4.000,4.000,5.000,5.000,5.000,0,4.500,5.000,5.000,4.000,4.500,0,5.000,0,5.000,5.000,0,5.000,5.000,4.000,5.000,5.000,4.000,5.000,0,5.000,0,0,0,5.0
2.000,0,0,0,0,3.000,4.000,0,0,0,3.000,0,0,4.000,0,0,0,3.500,3.000,0,4.000,0,0,0,0,0,3.000,0,3.000,0,0,4.000,0,0,0,0,0,5.000,0,0,0.000
33794.000,0,0,0,0,0,0,3.500,0,0,0,0,0,0,0,0,0,0,0,0,0,0,0,0,0,0,0,4.000,0,0,4.500,0,0,4.000,0,4.000,0,5.000,4.500,0,5.0
2997.000,0,5.000,2.000,0,3.000,0,0,4.000,5.000,0,5.000,0,0,0,0,0,3.000,0,0,4.000,3.500,0,0,0,0,0,4.500,5.000,0,0,0,0,3.000,0,0,2.000,0,0,0,0.00
8961.000,0,0,0,0,0,0,4.500,0,0,0,0,0,0,0,0,4.500,3.500,0,0,0,4.000,0,0,0,4.500,0,3.500,0,4.000,0,0,0,4.500,0,4.000,0,5.000,4.000,0,0
6.000,0,0,0,0,0,0,5.000,0,0,0,5.000,0,0,0,4.000,0,0,0,0,1.000,4.000,0,3.000,0,0,0,4.000,0,0,0,0,0,0,0,0,0,0,0,0,0
296.000,5.000,5.000,3.000,0,4.000,5.000,5.000,0,3.500,0,5.000,4.000,4.000,0,5.000,0,4.500,4.000,5.000,5.000,5.000,4.000,5.000,0,0,4.000,4.500,4.000,4.000,0,5.000,3.000,0,4.000,3.500,3.000,0,0,0,5.000
1225.000,0,4.000,4.000,0,0,0,4.000,0,0,0,0,0,0,0,0,0,0,3.000,0,3.000,0,0,5.000,0,2.000,0,0,0,0,1.000,0,4.000,0,5.000,0,4.000,0,0,0,0
1387.000,0,5.000,4.000,0,0,0,4.000,0,0,0,0,0,0,0,0,0,0,4.000,0,5.000,4.500,0,3.000,0,1.000,5.000,0,4.000,3.000,0,0,4.000,3.000,3.000,0,4.000,0,0,5.000,4.0
185.000,0,0,0,0,0,0,0,0,0,3.000,0,0,3.000,0,3.000,0,0,0,0,4.000,0,0,0,0,0,0,1.500,3.000,0,0,0,0,3.500,0,0,0,0,0,0,0
1721.000,0,0,4.000,0,3.000,0,0,0,4.000,0,4.000,0,0,0,0,0,4.000,0,0,4.000,4.000,0,2.000,0,0,0,1.500,0,0,3.000,0,0,3.500,0,0,4.000,0,0,0,5.000
1222.000,0,0,3.000,0,0,0,5.000,0,0,0,0,0,0,0,0,3.500,3.500,0,0,4.000,4.000,0.500,0,0,0,0,3.000,5.000,0,0,0,5.000,0,4.000,0,3.000,0,0,0,5.0
6539.000,0,0,0,0,0,0,0,0,4.500,0,0,0,0,4.000,0,4.000,4.000,0,0,0,4.500,0,0,4.500,0,0,3.000,0,2.500,0,0,0,4.500,0,1.500,0,0,5.000,0,4.000
2355.000,0,4.000,4.000,0,0,0,0,0,4.000,0,0,0,0,0,0,0,3.500,0,0,4.000,3.000,0,4.000,0,0,5.000,0,4.000,3.500,2.000,0,0,4.000,0,4.000,4.000,5.000,0,5.000,0
1517.000,0,0,0,0,0,0,0,0,3.000,0,0,0,0,4.000,0,0,0,0,0,2.000,3.500,0,4.000,0,0,0,1.500,4.000,0,3.000,0,0,4.000,0,0,0,0,0,3.000,1.0
33794.000,0,0,0,0,0,0,3.500,0,0,0,0,0,0,0,0,0,0,0,0,0,0,0,0,0,0,0,4.000,0,0,4.500,0,0,4.000,0,4.000,0,5.000,4.500,0,5.0
4973.000,0,0,4.000,4.000,0,0,0,0,4.500,0,0,0,0,5.000,0,0,5.000,0,0,0,5.000,3.000,0,0,4.000,0,4.500,0,5.000,4.000,0,0,0,0,3.500,4.000,0,0,0,0.0
1213.000,0,4.000,3.000,0,4.000,0,5.000,0,0,0,5.000,3.500,0,0,0,0,0,0,5.000,3.000,5.000,0,5.000,0,1.000,0,0,5.000,4.000,0,0,5.000,0,5.000,0,3.000,0,0,0,5.0
2762.000,0,0,4.000,0,0,0,0,4.000,5.000,0,4.000,0,0,0,0,0,3.500,0,5.000,5.000,4.500,0.500,5.000,0,3.000,4.000,2.500,0,3.500,0,0,0,0,5.000,0,4.000,0,4.000,5.000,0
592.000,3.000,0,4.000,0,0,3.000,4.000,0,3.000,4.000,4.000,0,4.000,0,3.000,0,0,0,0,4.000,0,0,4.000,0,0,4.000,0,4.000,0,1.000,3.000,0,3.000,3.000,0,4.000,0,0,0,5.0
260.000,5.000,4.000,5.000,4.000,4.000,4.000,4.000,0,0,0,0,0,0,0,0,4.000,0,5.000,5.000,2.000,3.000,0,5.000,0,4.000,5.000,4.000,5.000,5.000,4.500,0,4.000,4.000,5.000,3.000,5.000,4.000,3.000,5.000,4.000
357.000,5.000,4.000,4.000,0,2.000,4.000,0,0,4.000,3.000,0,0,4.000,0,4.000,0,0,4.000,0,3.000,3.500,0,5.000,0,4.000,5.000,3.500,0,0,0,4.000,0,0,0,0,4.000,0,0,0,0
1089.000,0,4.000,4.000,5.000,0,0,0,0,0,0,4.000,0,0,0,0,0,0,0,4.000,5.000,4.000,0,3.000,0,0,0,3.500,5.000,4.000,0,0,0,0,5.000,3.500,4.000,0,0,0,0
185.000,0,0,0,0,0,0,0,0,0,3.000,0,0,3.000,0,3.000,0,0,0,0,4.000,0,0,0,0,0,0,1.500,3.000,0,0,0,0,3.500,0,0,0,0,0,0,0
25.000,3.000,0,3.000,0,0,5.000,0,4.000,0,0,4.000,0,0,0,5.000,0,0,0,0,5.000,4.000,0,0,0,4.000,3.000,0.500,0,0,0,0,4.000,0,3.000,0,3.000,0,0,0,0
5418.000,0,0,2.000,0,0,0,3.500,0,4.000,0,0,0,0,0,0,0,0,0,0,0,3.500,0,0,0,0,0,4.000,0,0,0,0,0,4.000,0,4.000,2.000,5.000,3.000,0,1.0
2683.000,0,0,0,4.000,4.000,0,3.500,3.000,0,0,0,0,0,0,0,0.500,0,0,0,4.000,3.500,0,5.000,0,0,4.000,2.000,2.000,0,0,0,0,3.000,0,0,0,0,0,3.000,1.000
2762.000,0,0,4.000,0,0,0,0,4.000,5.000,0,4.000,0,0,0,0,0,3.500,0,5.000,5.000,4.500,0.500,5.000,0,3.000,4.000,2.500,0,3.500,0,0,0,0,5.000,0,4.000,0,4.000,5.000,5.0
318.000,5.000,4.000,5.000,5.000,5.000,5.000,4.000,0,4.000,0,0,4.500,3.000,5.000,5.000,0,0,5.000,0,0,5.000,2.500,5.000,0,4.500,5.000,4.000,0,5.000,4.000,5.000,5.000,3.000,5.000,4.000,5.000,0,0,0,5.0
1917.000,0,0,0,0,0,0,0,1.000,0,0,0,0,0,4.000,0,0,3.500,0,4.000,1.000,3.000,0,0,3.500,0,2.000,0,4.000,1.000,0.500,0,0,0,0,0,0,4.000,0,5.000,0
595.000,3.000,0,5.000,0,5.000,5.000,0,0,3.500,4.000,0,0,4.000,0,4.000,0,3.500,0,0,4.000,3.000,2.500,5.000,4.000,0,5.000,0,0,4.500,0,4.000,0,5.000,4.000,0,5.000,5.000,0,5.000,0.000
1036.000,1.000,0,4.000,0,3.000,4.000,4.500,0,4.000,3.000,4.000,0,0,0,3.000,3.500,0,0,4.000,4.000,4.000,0,0,0,0,4.000,3.500,0,0,0,0,0,3.500,4.000,3.500,4.000,0,2.500,0,2.0
1259.000,0,0,4.000,0,0,0,0,0,0,0,4.000,0,0,0,0,0,0,4.000,0,5.000,3.500,5.000,4.000,0,0,5.000,0,0,0,4.000,0,5.000,0,5.000,0,4.000,0,0,0,2.000
587.000,3.000,0,4.000,0,5.000,4.000,0,0,0,3.000,0,0,4.000,0,4.000,0,0,3.000,0,1.000,3.500,0,4.000,0,2.000,0,2.500,0,0,0,5.000,0,3.000,0,0,4.000,0,0,4.000,0
595.000,3.000,0,5.000,0,5.000,5.000,0,0,3.500,4.000,0,0,4.000,0,4.000,0,3.500,0,0,4.000,3.000,2.500,5.000,4.000,0,5.000,0,0,4.500,0,4.000,0,5.000,4.000,0,5.000,5.000,0,5.000,0.000