78.027403
51.687068
72.933266
52.685168
54.985162
53.009458
55.585559
55.376686
51.928686
44.348179
65.969147
48.771502
45.106910
63.495984
67.521707
55.740031
59.643180
55.443215
71.073517
65.017459
57.303657
88.581712
62.283048
56.705993
70.595322
62.088646
46.379050
40.698708
58.388479
66.155660
61.525720
51.899350
61.969193
70.357142
49.359760
56.767381
52.001336
53.097431
42.099263
41.787855
65.659685
57.535230
62.644020
58.909831
61.436289
54.432005
54.129961
61.833459
66.168962
69.348992
70.910183
51.518487
55.630498
59.271487
59.533516
63.493918
67.417823
61.230881
57.741533
66.770296
47.832910
65.098412
45.110856
66.631523
60.200683
40.560497
47.567640
45.495038
55.788271
57.601812
68.693343
62.736477
57.302123
46.511755
76.018500
69.705643
59.450355
36.833271
70.256624
58.538394
58.487474
54.170105
48.568453
56.270412
73.742833
48.106056
41.103678
57.193567
53.735191
51.912168
48.189054
50.403702
71.962819
49.654908
52.995245
70.138713
48.112200
64.523499
47.339748
57.218294
50.157181
41.846532
48.493323
60.067088
63.850162
53.888416
45.205242
56.264999
30.039543
71.300053
53.350389
65.977228
58.751817
39.767654
59.198597
61.061875
62.458093
54.328022
60.335000
60.287518
54.141821
68.485441
68.746981
41.268789
61.327161
45.613911
57.278603
57.631581
56.036275
42.390026
47.199977
53.874853
81.663093
44.533747
46.217419
54.900776
69.569120
49.990507
59.674422
47.385046
56.757363
48.156636
44.339210
61.013785
58.811707
56.114213
45.887979
52.042469
65.295051
45.371928
56.350909
51.831141
52.782811
63.456518
45.202972
62.505634
57.274379
62.132444
52.379770
47.852172
53.160117
58.468903
64.003493
44.799286
56.612572
75.474920
59.845578
75.744311
74.917777
52.211262
61.447239
69.256420
31.509087
58.879385
56.303006
62.244094
52.874022
61.527707
72.076709
63.790877
66.940860
58.368611
50.867898
50.927867
64.232095
67.337914
83.668838
69.362731
73.608628
69.116294
50.396351
63.236516
50.747834
56.429766
61.601619
49.503986
74.946818
66.324589
42.879181
57.099380
58.676931
72.074930
69.194095
48.405918
69.029788
61.627597
62.535238
45.137946
54.706808
65.062870
57.338745
57.626373
65.775594
50.770820
56.551240
50.889283
62.407429
63.444368
47.438043
52.797224
62.072630
64.379459
60.383047
63.864227
79.094030
42.653719
55.702984
59.170439
66.787319
80.315347
55.967710
68.831698
45.944190
57.300596
60.061250
65.186678
67.459550
44.208797
70.151491
51.334749
49.596804
65.595740
67.542637
59.690980
54.874050
57.160406
70.871359
76.869954
61.355469
63.602911
44.110849
53.224297
61.786987
58.978769
63.802779
51.496947
44.716165
51.283702
64.659519
64.544777
59.962698
60.606870
62.346025
57.384046
44.749034
79.499388
65.203356
73.674502
69.995008
87.853974
51.832440
60.774844
58.027165
75.674657
38.291153
58.591415
56.965148
67.148133
59.450285
69.282044
79.436748
47.768943
58.539882
60.811014
62.957763
61.507278
64.618395
43.403552
63.942243
62.567147
55.001284
76.404802
47.742145
54.272572
47.927728
42.321198
80.061443
49.988782
63.834881
65.168772
63.777923
59.266783
60.018862
36.820813
80.690275
60.318279
58.369125
49.019169
66.787974
61.040670
55.454057
53.606984
49.088739
38.408436
55.299288
51.164356
47.408552
63.902579
32.852461
51.068448
64.690372
51.840099
58.541595
47.866909
57.667791
33.373550
68.944089
49.793649
33.379275
67.163623
57.371719
67.139086
56.424436
73.189675
38.952198
66.357721
68.206269
57.994209
58.639589
70.875354
58.863971
69.919486
54.129444
64.934645
62.097301
69.637995
60.183104
77.499427
47.181862
51.083501
47.454840
60.066304
69.265587
44.310838
59.172567
47.122560
71.700680
76.120364
61.035692
53.831684
66.009916
63.273087
65.725233
57.210510
64.749894
42.111290
61.061097
40.232293
36.651882
43.984817
57.646143
59.880793
48.063731
62.697468
60.422761
55.244913
53.905275
43.580778
71.786301
58.343948
57.438539
55.339665
48.350748
69.367852
56.369093
54.371424
56.099652
51.682293
59.499852
50.026072
80.540934
74.908397
53.874492
56.468926
40.657991
52.010534
43.730095
54.156384
49.289299
71.406063
56.605261
57.971311
66.584810
57.993000
52.239474
57.119381
48.492416
75.078439
44.352151
69.900459
46.390301
57.315630
50.508659
41.483546
54.676162
51.956715
65.221197
50.871256
48.321623
51.476869
66.843084
60.159153
40.226397
71.529131
43.649229
37.658627
31.159274
59.029684
53.763138
52.892435
45.807445
50.437386
63.242574
40.959308
74.858053
48.881679
70.526995
62.800356
57.274815
48.248365
63.900959
71.460516
71.873380
61.722812
54.902976
65.487664
75.938946
69.099751
70.749748
47.756360
66.590399
50.985276
70.243002
46.975922
60.530191
76.073017
68.489856
68.430064
44.327900
58.879826
49.906305
51.340207
59.447443
53.186207
49.140721
48.067425
44.752646
71.680454
69.616503
75.634755
49.363134
45.776473
72.733100
67.556653
77.427523
35.364999
69.969995
50.503750
47.317045
53.543789
67.000558
73.961401
65.985434
54.817789
65.854257
70.896433
41.863848
55.317407
55.261401
60.339772
51.985286
54.907010
66.808435
54.476438
56.856927
53.099620
72.356714
82.727067
57.143410
57.765480
64.640440
79.346809
49.419291
68.149955
56.781626
61.190106
62.895044
50.913353
51.567850
50.346295
73.062112
64.319991
53.805600
52.736812
47.509359
48.866268
70.396537
44.216651
64.571220
65.424519
63.189075
54.876472
63.861447
67.668168
71.367172
52.917494
48.485732
50.202088
50.203921
58.621999
66.656073
57.491954
59.765441
48.781661
64.346397
57.372973
73.708439
59.810940
54.946057
58.012780
53.054924
64.205893
52.765795
72.661506
67.402056
51.343407
75.604967
76.485481
57.110768
51.301858
56.069797
53.933664
65.494485
58.317482
68.466991
77.018306
61.641993
59.099248
56.399193
71.880088
70.364943
68.018656
74.713853
58.030882
51.195277
60.858021
56.111213
47.700566
44.616218
63.855807
48.083067
67.454352
51.090911
47.526292
51.920277
57.054972
32.716855
55.602003
50.067036
71.873891
53.096756
64.356695
78.270106
45.442801
63.859461
60.878739
66.551233
64.001593
45.648688
62.312882
49.120489
61.038678
60.284877
49.581675
54.837819
63.947019
69.824049
55.661399
53.454952
45.419092
68.166153
63.673638
49.325379
54.282216
51.511347
57.353699
74.649109
78.908763
46.195256
55.629849
49.152255
55.048700
61.784016
65.106737
57.534961
60.593449
60.393180
62.537999
44.641627
55.522577
52.084058
37.814430
47.167748
54.364058
70.350416
55.081043
44.723099
64.806739
49.861486
62.960026
52.122731
88.610372
72.392326
71.060797
53.924573
67.062128
64.180466
52.469907
48.821108
57.055932
59.078210
61.921596
48.375587
61.938027
76.214536
57.037029
49.893488
68.566284
54.546817
72.937863
47.201948
59.382869
63.331280
37.257020
68.434924
58.867053
29.324822
46.768087
49.702450
60.424944
39.173594
61.826478
57.352138
58.978432
56.941295
60.897877
61.637498
48.218762
68.248440
63.166594
38.300699
56.669727
70.858662
33.567447
70.689960
61.614470
80.701353
63.804150
63.862543
68.723526
53.277380
82.582856
57.512648
73.417781
64.517874
58.896967
63.236363
55.090513
52.622769
52.148876
37.775449
54.685634
65.456905
48.048395
54.564247
51.512534
60.674397
70.998166
61.142320
64.747928
72.416223
50.171407
49.134003
62.650476
67.943820
51.356020
53.436888
44.228940
66.313807
64.169012
75.818472
33.343123
48.627234
63.468923
49.139188
55.193030
53.146078
29.662243
57.713760
49.828212
52.344206
52.062372
53.163500
44.992271
65.779798
62.953684
53.620504
50.492450
48.863374
53.077517
58.172460
75.879608
52.869638
60.028865
62.545920
56.535142
59.272944
58.548237
52.183847
61.696828
63.019871
65.247438
49.538860
54.288107
56.391106
61.425299
69.880069
37.159198
53.644316
56.190248
63.033263
66.434287
49.854135
70.146261
73.445188
51.609067
58.020783
63.008087
61.278830
49.700425
52.328549
54.196449
77.773434
64.970229
73.837448
67.687896
57.205387
57.052984
63.610768
74.240906
52.503391
68.744989
67.850544
45.788896
72.423008
42.427381
52.873628
51.485069
72.287988
67.548168
43.263426
89.060485
56.299884
71.589404
62.325417
53.860768
61.190727
37.872502
53.666930
65.492252
66.820640
49.351779
44.074246
55.777593
65.703058
53.179834
69.942777
64.647945
61.726919
55.314834
77.325706
52.075403
59.243456
67.396003
61.162325
72.655756
66.070957
59.588954
70.020323
68.185926
58.491407
68.424298
42.691171
50.667640
40.374831
62.489908
66.999043
58.967242
46.912699
59.376710
65.000607
67.072360
52.103890
50.977069
53.047242
57.299259
50.448869
65.347997
66.909017
67.296744
63.814388
65.893107
67.741810
60.272772
70.521205
66.545980
50.074847
41.725983
57.607215
47.778870
61.058931
55.771499
79.452379
50.779302
57.539064
66.809928
57.750789
52.954887
71.828731
52.226426
71.033112
60.577235
72.077820
52.980599
70.900541
46.860938
45.825626
74.822027
59.784984
49.775551
43.878734
56.717275
61.457139
60.359737
63.461513
65.477038
38.645347
74.865444
61.057510
65.896497
68.666293
66.326017
53.194643
70.629601
65.165191
75.291103
49.164295
67.202532
58.719008
58.720153
59.816350
62.569744
46.575435
64.556235
49.556195
42.435668
72.339679
64.099452
66.468679
64.491381
66.604805
53.154791
48.218896
66.448193
62.885900
44.915097
55.418174
58.504667
53.227189
37.484754
67.828781
62.708959
58.135727
60.765773
54.836964
56.678610
55.401682
56.593210
65.648443
47.295827
60.372751
53.363563
74.408422
66.672667
53.599647
45.506102
63.517988
82.096884
55.436121
58.278990
78.309010
43.197717
32.150005
60.227996
53.033708
84.380180
62.251989
55.540272
65.646622
57.406109
52.141027
57.509165
77.733516
40.744194
60.056163
57.897274
57.341846
48.529202
52.747629
58.662844
70.743570
52.523113
64.499758
66.305463
60.699059
67.187487
41.845867
70.258548
61.301269
49.241303
62.423369
46.393125
51.746977
69.740205
55.652187
66.440247
58.021589
51.758028
75.529728
66.648501
51.928567
63.038754
61.474617
52.136586
57.606179
36.490052
60.918998
43.222800
70.403480
62.819889
72.287789
38.528997
47.568829
57.350536
60.593000
60.967313
85.298635
57.067032
49.151771
65.662048
64.351679
57.217303
72.088465
58.248121
42.685053
38.035840
58.273805
62.493016
50.572328
51.716613
60.821512
77.842638
69.294089
52.728465
69.047868
57.378848
60.177219
66.859297
44.484890
60.757134
81.987489
68.248148
65.433550
35.689435
49.988074
72.554288
80.689682
64.031693
65.811434
56.225352
48.682589
66.198821
70.742719
37.383976
34.939422
49.205435
71.102692
53.449936
70.792591
49.648507
39.406227
43.907779
83.631502
60.210207
57.359966
57.477981
61.429196
57.564380
86.591718
47.331264
66.726811
61.007541
72.347598
63.342971
56.984458
71.042638
35.938185
36.909360
43.894501
60.192240
45.984284
64.173974
63.740789
56.179336
62.555613
59.570263
63.235722
50.696331
64.187497
59.158576
62.273886
56.103841
61.910941
38.746041
60.153448
55.543393
63.389132
49.706832
54.954147
71.803726
44.576214
65.973426
65.076263
63.429912
74.775585
73.648421
59.219096
58.461813
70.783964
44.997797
73.384272
53.455223
63.057672
47.595683
45.590048
54.760650
61.876130
45.132584
56.916580
76.780179
48.638408
38.491332
67.690810
70.694997
54.980610
60.409371
64.329020
60.132494
60.306071
65.114864
43.280961
62.552718
74.351040
59.178772
54.565158
51.400085
46.659955
60.416735
36.976622
62.968067
50.993078
59.282474
56.336836
64.461599
56.717184
88.993944
73.338293
61.954075
76.986474
60.699271
59.502477
72.139550
54.817868
72.787012
74.393057
62.135643
70.318515
41.245901
57.606946
56.969249
60.027730
50.407323
61.710285
67.028184
60.431270
52.106216
44.351876
59.316356
62.268450
52.730425
43.244445
63.492265
89.204125
56.158822
62.776878
52.648743
56.426946
72.023019
63.620704
52.573590
53.914048
61.486031
60.541084
51.119002
59.336310
56.374074
56.594610
50.430981
66.435524
53.044931
51.153781
85.268932
59.315102
61.714079
99.381278
71.137306
61.186794
67.762083
61.211962
55.883908
53.168857
60.428579
61.417437
54.067658
63.229160
60.158623
62.875532
50.179758
68.859575
67.017821
48.230911
47.230411
46.908133
65.510715
53.763131
56.526369
66.047425
43.477546
58.836417
68.172790
63.466961
41.695376
64.643978
52.246090
54.855868
58.014157
74.001065
45.015321
46.866779
38.787634
52.484367
58.281999
63.111275
67.631415
47.821996
59.707397
48.650227
49.797496
60.731269
61.349625
53.090566
49.909652
52.803206
48.499921
51.122963
69.109729
66.266970
53.757970
53.258475
42.353373
56.047756
69.494073
46.661600
54.067767
73.354612
59.899266
49.797053
64.735693
60.181419
67.119844
58.370751
57.411867
73.300392
51.385025
61.054532
70.602440
43.828718
72.337381
63.924113
44.700318
55.329891
69.178073
63.432539
68.935178
70.051802
44.068624
71.582902
49.979208
66.034816
70.074241
69.921011
42.529325
41.686896
56.637406
54.490365
51.698876
66.247349
67.078634
77.687989
67.624216
70.038726
53.024342
55.890224
64.715453
53.347119
52.732367
43.240690
49.470891
61.888299
53.929018
60.359777
63.935810
62.848826
71.347514
47.136420
74.041214
52.609949
62.840243
61.526393
69.667209
69.000140
56.306004
75.977575
64.421885
63.909559
61.750591
58.403522
68.261101
55.715031
65.026113
69.260592
48.992393
47.486919
63.581822
58.895356
59.956553
55.922774
61.960282
42.009912
46.533473
68.929243
41.597736
65.054607
52.024673
57.165466
62.268580
55.969165
58.692114
58.503264
48.708898
62.670390
37.955276
48.039237
55.925683
74.835574
67.415032
57.544179
61.313287
68.125643
52.314894
40.452094
47.242941
61.063902
42.145035
75.751115
52.417426
49.806513
52.965025
77.021482
82.045625
52.657202
49.501691
66.211172
54.654198
41.601793
54.041246
30.124410
62.536177
69.528597
63.803428
55.598986
56.885158
51.790499
75.665620
48.305363
56.888374
55.144227
74.113115
63.270900
59.949301
67.379230
53.103292
81.240833
71.414382
52.262074
46.262742
47.097462
53.564708
67.296533
81.116634
74.801308
63.691968
54.836054
58.839438
60.699671
58.714257
62.219793
75.222923
67.211300
50.136433
41.119268
44.002403
58.695979
50.747462
59.237704
43.204337
66.475558
66.017564
48.017244
56.917559
63.572045
77.646222
70.825835
67.793938
57.388712
59.233832
40.631847
53.060560
47.595491
57.436483
62.170231
50.729119
56.510800
60.810679
59.275132
62.004645
59.430249
45.413337
66.154183
63.026516
55.147970
54.904660
43.924256
59.464365
56.845878
75.181703
60.981489
55.260740
49.353381
75.650792
57.993598
63.903543
51.559572
63.513923
84.670183
68.390182
69.839103
63.320947
76.873899
69.949414
42.553285
43.265920
56.434515
66.806971
50.816491
51.425447
62.966135
63.298026
58.336104
51.457298
54.617835
61.135996
72.520440
58.067240
52.682082
67.279204
42.434520
47.756980
55.886896
70.006104
55.748655
56.537214
48.119847
46.582276
74.786235
52.095100
48.770556
65.046004
64.863412
77.652020
56.924644
47.767702
57.105572
65.581414
58.333159
47.300916
45.704072
73.070408
68.601456
61.024799
61.781139
67.678459
57.393671
64.472787
51.916463
57.725727
59.834009
58.890328
48.239985
63.455656
67.444527
37.739793
58.617885
67.895610
60.370502
70.078619
58.706073
58.118744
63.830422
44.841391
60.909223
48.771801
52.595030
63.246389
57.122155
62.602773
57.506653
61.813139
52.310102
76.174179
56.172870
79.228367
59.937092
54.145866
44.945272
60.803442
40.793293
65.615267
69.677558
69.884215
73.776872
57.532364
38.769256
53.192388
55.842531
61.981157
63.609451
59.549113
51.915920
51.476029
59.560347
61.573665
44.959570
55.418580
56.023975
57.301634
53.284406
64.658555
54.958839
61.678225
57.887864
41.535499
74.963548
55.384300
70.293511
70.130555
53.624657
54.639045
48.530676
44.617506
38.952585
42.538503
40.194859
42.619900
55.010265
65.746569
70.418682
64.789998
82.605217
64.843069
52.927031
41.617290
61.717821
62.253797
81.646004
76.730445
59.298892
55.461260
70.262260
57.574256
66.820069
75.252351
69.925585
60.492691
54.645424
63.449368
62.551897
38.378340
54.986924
60.352183
63.812521
67.583194
60.152689
73.755152
78.126442
63.646495
39.057157
55.031823
69.321186
45.963292
54.827720
58.341556
58.768585
71.786203
59.205996
66.233995
50.617932
70.971443
55.596236
61.148837
60.467436
72.752826
51.940720
74.145348
57.896528
62.015273
64.482590
49.001280
45.433483
58.396588
58.635006
60.716160
56.647691
64.939164
72.212893
48.667252
75.641184
67.720562
64.043249
68.126841
43.618193
50.109337
69.156113
60.659547
58.622805
52.651753
73.368143
72.809067
56.380366
42.573797
51.728297
52.524436
53.452386
63.623188
70.521650
66.451229
74.793505
64.234609
66.872950
66.976008
68.262095
58.962972
73.127440
77.137378
46.843059
58.112797
57.282298
53.269038
59.187484
47.958744
50.383033
56.716900
48.136168
70.111843
48.404355
62.259225
44.996883
64.825863
62.246270
51.311900
44.743373
57.373613
67.254364
55.879072
70.386870
54.800816
62.708807
49.144227
25.103668
57.124657
59.405227
79.529041
55.957983
61.333640
62.535702
51.975067
59.772628
53.680109
56.895774
47.229822
50.946938
52.389768
55.339489
66.729278
48.445818
64.478813
79.075095
81.869966
64.476969
59.003759
47.089009
62.154814
62.679472
53.352170
33.871728
67.167189
61.630717
58.811284
31.801420
83.413695
42.285102
72.883618
64.788280
78.816878
64.086477
68.998061
49.747641
70.134725
69.583822
85.839811
46.967962
63.230158
56.133287
70.256496
70.347055
68.217576
56.302557
67.951108
64.635698
52.623143
66.393589
56.330341
56.838188
50.503188
67.339428
54.756732
66.653453
57.249275
50.290299
53.218819
61.549597
44.691566
75.996482
51.087110
62.547532
50.093476
49.576311
68.389105
52.992713
63.762462
63.565658
51.090011
59.224925
52.625142
72.234432
58.823665
55.652635
75.550755
54.144559
51.682647
70.121817
66.396721
67.480819
62.591712
53.605753
60.439624
52.606682
61.768382
74.525478
50.149297
57.918763
58.165558
55.242544
67.442197
56.481462
42.240512
59.432075
69.689850
75.105762
47.242342
45.557074
59.665480
70.760430
58.085035
60.363245
62.673830
32.641858
52.300022
75.046576
72.534107
71.171374
54.364008
58.638572
54.114336
40.988677
72.879364
64.972359
60.134351
53.483474
78.658249
58.797428
69.203679
55.905342
54.143459
40.719990
47.791166
54.292010
52.994167
67.932245
53.916590
59.617150
37.836020
42.562367
54.890599
49.174277
59.526485
54.954451
25.841393
47.174544
64.088466
75.897067
49.640775
63.845147
70.843816
50.976687
68.751874
63.809227
65.578154
51.038821
59.257823
49.516581
42.852980
62.310110
66.101525
68.333379
50.297884
57.986309
72.150779
80.870382
68.474766
62.557308
71.518002
60.624967
67.572305
54.916774
45.551873
50.420505
60.361277
56.901726
54.197984
60.835626
49.240554
62.012318
43.238288
63.273177
50.919182
50.693849
50.109840
59.084017
61.191027
54.808793
51.518110
61.130829
57.140005
69.774524
49.103168
58.543362
76.919660
61.103540
61.485373
58.037182
70.740434
58.190111
42.358228
72.075120
74.136796
47.542921
50.235962
52.737546
64.602182
63.197916
53.749000
59.058482
69.261440
66.868843
62.882862
32.999016
53.980460
48.592551
65.012692
55.150101
58.491812
50.579856
61.707919
67.547430
62.342229
36.904366
43.454723
63.419707
78.133290
64.295857
63.539871
63.955708
75.029943
89.675861
67.954429
49.611926
66.305038
55.778331
56.939669
60.282588
50.837923
63.005256
52.896715
41.119479
43.575274
49.646548
54.922169
46.910142
48.531215
59.168853
56.372198
51.487690
64.065899
71.593492
61.953617
62.302405
71.123919
76.298975
61.064641
45.723423
45.493981
66.125069
81.655919
66.493409
69.457064
65.008080
51.255320
60.504167
43.818721
60.696090
54.923656
46.512973
65.223402
65.579012
55.888065
75.598896
60.424062
59.437268
69.956945
56.301540
67.448476
55.254689
61.403992
44.717980
47.837653
62.762772
46.868087
70.732380
41.650402
62.779164
71.276723
82.051564
54.297383
61.308167
57.444061
59.523646
69.478996
68.548750
66.558611
70.451379
76.494553
60.153884
60.505599
38.678834
52.573522
55.436951
68.354593
50.967114
49.618456
54.547687
70.982510
66.150452
52.273868
66.626652
55.437570
68.892860
48.255084
58.391861
54.984858
68.639093
67.326861
56.440244
65.364257
70.726904
78.951922
52.462691
49.305485
45.095991
57.302729
60.352485
48.181331
67.800253
50.905919
54.025410
63.286928
55.582562
46.217901
53.860451
68.200265
57.863051
55.891614
53.365139
77.119639
64.353954
55.332970
63.609437
65.173724
52.743407
60.579627
65.436059
48.093479
55.616711
42.657215
62.332918
73.021301
59.470165
55.307224
46.047576
59.781542
80.257005
62.711911
69.763564
51.001084
47.495299
48.769386
73.911140
77.678583
50.529133
50.369596
68.447916
52.633523
53.884949
70.403526
52.400053
40.427441
71.226954
51.878655
64.696554
67.856001
48.924259
44.486076
57.258820
51.906759
73.686453
62.354973
68.284383
64.154583
66.663666
58.836237
68.089299
53.239791
55.026726
74.271067
59.632180
68.897032
66.986674
46.251242
46.533840
72.949709
60.819858
61.189169
50.469454
45.761032
52.047283
67.110969
59.168196
51.164106
59.459859
60.809356
59.161640
57.607690
63.904972
72.569379
61.918183
43.683708
80.010142
64.892427
65.331325
72.595348
53.229493
57.625549
54.011935
62.772270
42.193263
64.163490
63.877322
73.263496
63.798360
48.934429
72.170791
66.942529
70.004375
54.267115
70.511117
55.023597
57.210378
65.419992
76.960891
53.833578
61.344559
71.857227
59.363428
79.865457
54.690596
72.667315
78.252360
83.341970
63.892725
62.232538
47.096022
61.361021
65.045725
77.375038
63.058048
42.848655
59.381906
58.830713
46.238992
49.394294
62.878462
53.746835
55.834350
49.023968
68.143749
38.919032
50.287848
60.001927
60.252789
51.308364
64.690682
59.277665
57.448196
60.258427
60.734990
55.006454
55.562467
58.795425
54.926098
60.920516
43.014785
68.435336
56.441608
58.648633
78.432575
74.998797
63.310316
63.152376
71.319918
45.127204
61.357763
55.055123
53.127100
41.528456
65.630708
39.900984
72.630718
54.300022
81.347291
68.274961
54.366552
53.253116
58.222560
53.193163
47.291028
62.485181
70.586053
61.683419
77.350589
64.067532
71.868853
61.955091
43.786790
43.755220
55.209131
48.728259
49.092417
74.284763
39.901323
69.188428
62.211948
47.711408
50.372905
54.660897
73.345367
62.111173
72.997345
63.184111
55.508935
66.733408
56.139090
43.519235
63.172841
62.489061
65.004156
62.833573
75.761569
53.331693
53.859283
50.312550
53.755692
55.401417
60.445558
59.374062
68.263035
50.234480
49.017660
53.431491
55.187310
58.243955
72.230211
67.097156
46.572984
62.425088
64.588297
68.550350
82.175754
66.858411
67.265286
65.637156
45.182406
56.500627
59.219708
75.321425
68.949432
49.740979
56.637030
56.076421
56.473484
46.582996
73.778819
54.279244
57.160514
61.849900
44.658961
66.200984
57.170872
65.649040
62.106971
72.782573
69.953559
43.816333
36.130154
66.515434
68.695225
76.977158
48.380763
54.321347
54.213477
70.835698
72.493880
45.896924
48.808262
62.426187
38.461629
56.730280
44.252817
54.205079
54.871174
55.778283
48.439093
34.621831
52.111309
77.063686
65.358530
39.929233
65.702923
71.639583
61.780366
74.038945
43.201760
75.740675
66.284819
61.460130
50.385179
55.178546
64.341028
66.341052
49.316768
79.816462
61.507866
60.983545
78.669783
48.662140
62.637321
61.695695
62.837342
59.063864
61.955482
59.999155
64.873556
59.504929
69.526435
62.921136
41.301232
56.915875
65.787779
61.960766
52.450888
58.249147
36.583627
62.780684
45.211627
42.122841
52.536880
46.980239
35.910775
82.815149
56.331271
48.764016
76.799174
53.820818
59.753711
66.407316
63.477387
56.863811
49.826571
42.568908
76.592302
41.491280
52.594146
58.409789
59.677842
59.980657
65.156671
60.192293
52.527087
52.766712
64.060638
54.456293
66.213353
61.478467
79.760617
68.083821
55.511421
60.553365
65.734993
44.120258
47.580393
57.890276
61.323301
49.183691
57.777336
47.990057
61.756930
62.785320
84.288954
60.291697
49.438867
57.116948
46.713129
69.839098
47.623295
47.035033
46.962848
54.743909
67.316228
52.097516
62.660228
64.597711
71.483182
80.229190
43.157378
39.155704
66.764138
50.942235
58.425437
50.744485
62.039737
52.214237
69.398307
61.139872
45.979012
51.197736
55.670031
69.675402
51.827577
57.434554
64.895431
54.515863
49.531416
67.017599
61.073763
76.119423
53.680018
57.748699
70.927391
71.998802
68.575319
62.599518
49.395462
59.813457
65.143926
67.585385
67.571592
48.920588
55.151165
57.710315
60.014481
55.792869
63.498907
65.001209
65.054577
65.308253
57.154245
34.733234
74.989299
67.567694
60.252419
77.425708
43.180206
64.635190
49.688028
58.206602
62.221062
55.311426
54.427659
68.653219
54.316711
64.577028
70.375783
56.551130
43.736397
62.240310
50.224918
63.508211
51.615658
58.183336
60.582507
45.908395
62.934719
52.078641
49.591579
59.208816
56.728061
47.817895
55.473981
56.386722
75.799212
59.367129
62.105525
78.792138
56.374593
53.076767
65.264975
64.465094
55.251800
66.249877
59.191686
69.465418
52.268765
50.473416
52.570649
51.792675
52.010762
50.606930
48.869386
45.187444
62.256598
65.840777
68.773680
80.733924
61.795537
58.333323
67.879708
54.364182
58.806456
45.062645
55.845469
48.457416
43.396069
52.616348
70.333412
56.793487
57.644135
69.739322
69.083534
46.015821
66.849163
63.653449
61.938082
61.957636
77.794673
74.757636
45.435531
55.409778
58.360806
62.022324
48.343032
53.089394
48.660861
80.601295
64.440478
45.060873
51.647705
46.432613
65.093462
48.901604
65.627419
59.584920
56.811183
61.626599
62.016115
80.775596
39.405313
75.844996
60.098397
65.258934
54.700618
49.450985
47.753076
40.821081
70.803338
51.384586
65.418634
60.032251
51.609774
43.476281
66.419316
41.968953
64.273572
58.622505
60.650072
39.388031
67.918368
64.944032
50.190450
53.259412
55.764445
59.839373
43.605327
53.083417
74.865880
69.365722
61.476819
58.002080
35.986924
57.630470
65.880730
61.514885
60.941369
60.381773
50.077329
67.952549
58.875982
52.569050
66.030611
53.822801
63.521289
68.694527
52.425504
54.995298
59.787126
47.158865
65.686114
43.539039
44.046449
73.170528
64.240247
52.981505
61.496936
63.397957
58.590418
56.749042
55.469828
64.547172
62.162956
64.776010
68.368068
66.951445
54.082782
59.501936
57.772054
55.932849
53.575839
70.524658
53.769287
57.195625
57.617197
62.497428
56.767098
40.886346
57.196932
79.625808
71.586700
41.649012
52.932952
51.412509
61.391578
61.554062
51.883847
62.123544
80.519396
60.688358
56.197342
69.927402
48.795733
48.368161
53.771196
49.412901
58.767696
51.393740
41.739716
64.637609
65.456700
56.533354
77.573642
69.603948
59.220687
62.727105
63.172527
40.047081
72.689457
77.911559
63.512412
69.631572
74.098578
49.651099
65.062554
56.806120
66.744864
59.670949
56.691138
72.460032
44.993986
56.168490
46.471375
57.413927
46.292307
49.592749
52.898026
55.090067
52.107543
78.773456
63.596210
92.508615
61.455754
80.674544
46.074875
61.200197
47.577215
67.467251
56.425984
59.623160
43.346979
59.205188
40.382006
56.141611
75.839443
48.949477
35.783353
73.220252
56.961536
42.995763
49.651895
53.492234
65.289875
71.053217
41.189925
51.293931
64.456435
93.048117
49.313320
49.994579
41.854484
56.966109
41.738680
58.558646
60.396142
65.489139
55.392377
78.285044
72.260056
46.887647
55.238279
45.970721
66.354499
61.291729
71.182487
53.805362
51.970205
80.290979
62.625272
48.947793
57.982334
65.480035
46.515544
71.069151
67.766249
69.161061
54.659975
57.394309
66.706009
52.140257
55.505971
70.277022
33.900747
75.784052
61.649767
67.463465
65.875486
55.821159
71.860451
89.020192
67.743447
58.978608
65.034686
69.915255
51.217949
47.401138
66.331170
76.673851
47.927240
71.324985
66.448574
50.814695
64.317285
50.014833
49.517131
55.236276
73.356701
59.896848
51.650366
65.606406
67.374310
54.622063
58.480879
60.250165
40.653232
47.682640
62.365300
50.803147
58.497784
70.973265
45.417417
58.175778
53.502522
40.285285
53.452256
51.475950
55.065516
61.135200
53.092853
59.782054
47.973196
58.824334
52.498451
53.033655
49.973443
58.039843
52.955613
65.433449
55.337907
55.051307
66.111962
57.000443
52.549406
63.167670
37.234653
40.187644
41.396859
72.286592
62.456670
45.853149
65.161036
46.719530
69.309226
65.205418
58.134128
60.087728
64.014629
59.979440
51.065710
56.708850
53.225779
53.877437
57.181099
51.871375
69.661972
65.436175
66.651626
68.364195
61.442140
61.956809
73.129720
57.505277
56.775002
66.155706
67.541874
51.270808
79.796285
49.636016
72.927238
59.737109
52.902945
51.223990
58.067042
72.455861
54.367194
57.975464
52.221211
57.148133
54.692641
61.373853
59.583623
85.741782
53.612766
80.684827
40.092060
74.261220
58.560238
48.854656
58.189400
63.571003
41.436245
65.849957
68.549838
56.261965
62.692138
67.386648
68.183983
72.027664
50.142636
61.444633
52.702602
63.837240
51.710540
61.194764
63.576237
50.359027
52.998655
52.248058
62.224040
67.222995
54.359204
41.905493
53.341301
50.172146
78.525886
62.532669
52.315080
60.482551
48.435187
65.951446
75.619362
72.764123
46.537425
58.824680
52.236988
67.903045
74.855856
61.808491
81.342502
43.392350
53.920061
49.653865
62.373104
48.753610
29.626711
69.635701
69.186172
64.520929
64.375293
49.477165
57.291625
71.915288
75.305676
45.984907
78.617461
56.823848
66.866173
52.807908
55.347764
58.425729
63.492448
54.895078
65.626740
67.816671
53.698601
58.564537
49.825615
58.979548
50.277464
66.496192
63.448769
55.163064
50.387971
78.160441
77.335760
37.329620
73.136623
42.895459
73.039310
89.608734
54.825391
38.581006
55.575946
67.703907
59.514628
57.606339
58.845343
56.391800
46.909306
72.954963
50.114213
70.826730
50.194668
69.891239
54.035568
75.172071
50.210415
47.581777
64.047539
65.592778
52.855523
71.559478
66.477091
48.216067
54.819489
83.425576
78.742220
57.452736
61.180688
68.189064
53.241476
70.462088
61.483222
40.026440
58.656577
61.258911
71.758595
60.186811
76.667648
54.712782
57.136431
56.170908
62.901273
44.440400
59.986103
48.953995
63.759075
69.036060
70.945194
60.782579
70.191662
46.880170
67.266799
41.473318
58.112684
74.364736
47.351169
47.176393
45.941299
75.370667
62.162781
50.661158
71.915835
63.714718
49.130978
37.751968
81.830499
67.646728
64.473566
68.013194
55.809047
46.875631
48.306075
69.650353
37.766252
70.489924
47.499235
61.222393
65.132381
53.360383
55.156732
49.868776
65.680458
67.357305
58.072988
60.803135
63.369253
58.535296
53.666047
40.971348
58.399452
56.248064
65.479600
58.812448
52.969855
62.371496
44.144805
67.628265
43.231929
51.636251
68.512637
62.541953
62.922949
44.266969
70.192215
59.087755
73.149434
45.501525
45.940820
68.725592
74.555019
62.429311
53.530118
69.055923
50.954459
56.468730
69.946449
50.081585
53.719075
59.295567
40.572960
51.623152
46.127533
49.336299
77.649463
65.288871
55.247732
52.571829
44.420374
51.300902
50.077760
43.277541
53.076339
47.118589
52.052148
57.241317
41.823202
55.195824
72.083210
59.616532
64.903544
55.848853
67.877734
58.751610
69.893936
57.989079
62.379777
48.326924
45.505619
57.527454
55.477047
49.396288
46.148224
58.649823
45.612347
49.830797
58.743861
45.288021
58.399849
59.123707
50.914281
53.319590
63.389085
57.521950
54.877188
73.545153
57.531877
43.316849
50.148742
43.696990
60.031966
61.724674
48.226824
52.268993
46.693641
68.269141
63.468268
41.635427
68.008236
50.721176
50.749224
70.128153
57.830004
48.929960
71.631759
71.278417
59.962608
36.314847
47.696604
59.645927
58.304054
70.371887
46.946863
68.785357
62.555697
66.888003
56.711995
46.395355
61.001122
61.387008
54.190897
59.243879
61.314520
57.532457
42.084469
61.069220
43.658145
53.958015
59.296169
42.253750
73.665771
57.131993
64.078638
52.209462
66.052745
69.104446
58.914756
54.710333
56.634916
56.963467
43.241879
65.724616
65.020292
58.191374
58.806614
70.989058
50.957914
62.605779
59.476114
36.998348
57.858285
55.953928
61.677046
58.877668
59.689527
62.595994
62.641208
63.101802
51.714592
43.885939
49.113151
54.407810
55.738560
79.309187
51.793355
54.001870
61.675535
67.771963
63.210711
56.482338
50.559497
63.840649
70.671542
79.771398
48.557374
57.821639
66.260693
61.237253
59.465059
56.026182
90.415987
81.805669
54.830211
61.173405
54.341651
53.093470
47.137853
59.650161
55.097692
66.506148
58.839148
61.618284
49.552447
59.774481
52.236463
56.495297
67.559152
64.034528
50.910387
72.632448
63.464526
81.227055
48.243413
57.231250
44.870035
59.557449
52.271280
41.300930
80.196520
52.659427
41.265614
45.636266
49.730377
56.665680
60.735610
63.186561
55.240093
55.269914
44.910473
68.300098
51.572086
70.662374
49.727772
63.904818
56.524293
57.790283
45.301551
84.901126
62.416510
55.691363
62.009534
42.960769
51.130538
58.457355
64.960996
65.573812
41.307685
39.737467
43.217872
60.664353
41.904905
47.727473
47.966513
54.096780
58.209599
60.046264
67.940014
39.204696
64.722916
45.983723
34.379745
41.985696
59.388728
59.269677
43.950488
56.668342
45.744426
47.117130
52.167046
54.469463
49.413296
57.287417
60.548843
57.315371
41.357752
42.581975
50.733993
41.286189
59.702502
44.068957
76.165418
56.037324
66.143228
64.965584
56.498724
56.703024
69.471933
69.331447
57.895038
85.962711
48.188622
47.754565
81.788860
32.928271
52.712978
75.626429
51.158280
58.767194
66.837709
57.768989
61.772726
64.528003
69.739550
53.705829
78.757870
70.212825
39.365370
44.575973
65.057756
70.023878
60.670056
56.003521
61.677155
59.503498
43.494972
55.273233
60.494735
45.831173
45.420858
54.984349
61.415688
48.802923
63.240357
47.218139
55.078089
44.543625
62.757337
55.803368
67.946728
65.671153
66.833431
49.056823
63.934131
60.531730
73.484425
46.759268
67.995029
58.584264
61.263400
64.966295
62.941495
61.272838
50.070376
57.034507
68.864194
43.565818
46.943445
68.411569
51.612741
74.720967
64.576915
62.261630
51.370697
74.474336
66.719519
59.936364
58.032105
54.716889
57.515818
74.759738
54.751453
63.085062
61.668930
63.213837
59.253625
60.710333
65.959114
60.102310
49.363548
65.303235
42.429439
44.872116
57.717911
63.543582
83.989717
65.365657
55.291237
52.951579
62.369486
63.453042
67.869139
56.222343
44.229305
50.475345
56.790186
70.668248
66.999335
57.168483
62.159910
56.991648
53.613122
57.452891
54.513262
61.132972
62.032812
50.355397
77.990520
51.506870
59.914630
34.434124
55.875470
72.580064
36.465091
65.149890
42.454300
58.052141
71.152504
41.434239
59.185524
38.954363
50.168784
46.606370
60.469468
59.043918
52.890608
57.341502
69.374870
72.728568
51.811156
56.343331
55.880851
46.969376
63.713395
53.950013
68.597227
74.084801
67.474688
44.615464
56.938464
75.466565
62.673005
66.257455
65.115955
54.103818
57.102417
67.368502
66.748528
44.304372
51.819366
62.228949
64.369013
49.533677
70.053521
64.145937
54.995189
64.687895
63.602002
46.980694
65.265597
39.701422
64.595024
57.435886
59.652875
61.236831
67.490353
60.626235
88.229439
66.497188
64.685579
46.079667
80.094883
53.075888
74.053506
71.078137
57.453857
52.102713
52.428927
71.342234
65.172466
61.634345
66.793045
56.822087
31.538634
49.247156
55.824944
42.896537
36.477580
58.358314
50.112121
55.524295
65.376868
68.800751
63.790917
57.179721
58.998058
61.804933
89.161621
42.574730
59.893262
69.155173
65.717197
63.375387
58.267757
57.148773
62.558983
45.374878
61.866125
58.052684
55.934666
53.106681
52.822978
66.130217
60.809557
57.740200
67.261405
56.596074
64.293098
55.730727
64.207578
51.920245
53.758179
73.359747
67.349800
46.316824
60.538408
64.071076
79.926159
59.330750
64.259980
62.043499
77.310630
51.931239
52.407077
65.931810
55.460268
63.236146
60.792731
64.791230
67.338990
68.529384
49.371190
53.542203
45.887513
44.701394
42.012715
49.964607
55.912129
55.741194
47.287028
73.639048
45.912181
73.825990
64.629729
53.275413
65.064586
65.239590
59.536696
59.734736
48.969088
54.616625
50.985986
67.099086
38.709545
55.514198
55.837278
54.329165
40.830444
36.855013
52.763430
52.485496
64.741163
68.550114
52.299025
70.119524
52.201824
68.239066
55.772599
60.919369
64.040022
70.008166
61.336874
67.771652
63.501660
73.437485
48.055681
65.800543
60.373976
55.728224
63.193989
65.520383
58.859450
62.576313
72.319153
58.412183
62.380204
40.991414
59.953058
64.317976
45.035775
48.202050
63.392088
58.701367
44.851396
70.819788
58.189234
63.147581
61.322148
53.048793
67.214039
64.163792
89.379135
72.758249
47.111425
73.309220
65.330050
63.549212
55.330511
46.554560
59.249306
39.685287
47.912329
56.453441
63.261734
63.410495
53.870529
71.541986
82.408758
73.507447
51.862929
50.777084
64.632056
65.763235
58.933642
48.459204
49.425631
62.646822
65.561981
58.314632
38.752736
70.583514
64.583257
68.493316
60.745645
56.002236
56.488065
50.486955
56.917865
43.753239
54.018160
61.971500
64.003111
48.185704
51.546719
63.043701
63.075166
59.483209
55.346428
46.123590
55.008197
67.399939
57.338554
59.249351
72.939480
68.271008
64.307167
58.194789
58.189442
35.710286
66.476554
56.367455
53.143319
58.584526
43.989911
65.873961
65.012362
63.293645
56.656491
75.694730
65.140567
60.207827
72.506515
63.528974
56.865049
63.983419
56.385239
39.328109
61.385601
63.431701
51.718863
61.107432
57.866598
60.885895
55.046324
60.983871
65.649437
52.737338
39.050385
55.355319
63.917185
46.895484
62.823514
50.922579
41.426906
71.423035
50.227188
46.830303
55.618041
57.032356
66.537957
57.905351
59.706609
66.936741
68.387255
83.093920
63.256543
57.378748
71.271611
39.854908
54.897452
59.929459
53.087542
51.396948
47.391361
51.905165
78.714350
60.418268
61.467946
53.514880
67.247383
54.290506
75.699327
61.106566
52.558453
57.311788
76.800444
68.714853
58.313880
47.506746
47.772156
58.933248
70.309147
68.195084
59.951879
46.777484
50.803816
51.281118
51.584701
62.335918
58.038810
60.232706
55.401170
54.657416
57.771689
57.015207
51.950126
58.392728
37.514322
57.070372
74.602219
72.431475
51.931776
49.796970
53.009525
49.560611
31.092756
61.751382
56.581389
50.968905
48.052691
55.868220
58.032243
64.186675
54.107425
38.052841
65.619977
51.217250
60.126028
68.888003
70.043985
59.195448
52.855178
65.103433
38.759323
63.996329
54.223423
49.865180
32.798250
58.868524
64.782144
63.707424
52.264122
72.182197
51.996233
60.537034
57.529264
57.569585
67.568682
57.721716
47.001552
60.113345
43.219540
58.574832
57.283147
67.667780
51.996828
61.731512
59.303823
74.975878
62.831665
61.339685
61.027227
71.962686
59.713726
38.357944
61.606632
71.049764
61.366769
53.299844
55.214335
55.245456
61.586397
75.788803
68.881261
53.011443
58.009091
57.502820
66.813349
57.977280
68.568015
74.226552
58.360696
59.579817
59.320584
62.521092
60.490391
66.439119
52.596808
73.034594
66.993912
76.815967
61.945486
73.852339
41.598510
63.160806
44.831371
72.102044
76.888355
40.477022
54.404196
52.940239
46.594925
52.630744
66.272689
66.168823
64.949872
57.950020
46.180827
64.397583
49.402650
55.315560
41.818173
40.072421
76.691562
72.467273
59.135391
76.007324
67.116593
43.500209
60.910154
54.265016
60.692099
51.130416
42.574815
67.952904
40.599071
44.437224
69.974322
62.986844
61.231646
63.231150
61.443308
67.627126
49.898804
63.159656
63.872875
55.705354
44.472754
42.975478
59.443672
68.793679
53.370072
75.536598
64.800647
38.426244
70.375499
63.376607
54.292588
73.607239
47.656006
51.703902
48.730577
66.316681
65.207917
54.475304
63.500283
42.144445
44.337635
50.172867
65.063715
61.900070
51.056190
70.992461
67.905924
76.514132
80.398040
71.420705
54.819243
65.846573
71.462331
50.380599
59.069267
78.422089
67.351986
52.693770
66.636777
71.190725
55.870112
61.992187
60.545199
72.860630
64.976012
54.019725
47.482127
59.691283
57.432696
42.249498
41.466198
68.004840
61.735853
57.314860
55.608026
65.737224
62.536961
45.523318
47.897735
56.265540
56.982769
69.640419
48.603876
58.065994
69.375562
62.692724
61.671495
51.839030
70.198917
49.070265
61.242663
61.901438
65.709064
53.127452
65.888129
69.065105
54.332543
68.159892
64.639342
69.714135
65.307024
74.994030
50.757535
41.493558
43.537835
55.136275
48.097344
68.388421
71.010717
68.522348
34.772990
54.188035
42.048911
66.157999
56.036223
58.757059
62.173575
57.494830
64.341983
61.827292
64.076305
64.430285
64.800237
56.919639
66.295020
49.662934
53.485880
46.319071
61.204299
56.793389
40.992670
59.679255
51.405143
42.949199
53.398246
76.406906
69.454469
63.049487
53.690557
56.003710
53.922988
63.769844
92.841829
64.132078
63.133191
72.665161
69.237795
53.272900
49.566977
80.286026
42.819476
69.163394
52.424282
66.206044
65.660276
62.878887
60.190116
70.056066
50.596024
55.205613
38.648924
49.968087
54.291725
62.480677
65.421870
48.807913
67.697666
49.733076
62.846896
38.159920
57.224680
46.260349
78.180078
82.590194
80.678225
42.703710
49.526888
66.727003
69.758912
55.302178
54.964569
77.311934
64.402129
54.251442
62.983460
47.904168
75.925830
70.279103
67.450635
70.316371
58.969588
62.014292
65.923952
64.147028
56.206743
73.114015
58.368257
56.483394
79.776452
48.390674
51.733021
62.631750
57.519570
58.483310
72.948260
67.415595
57.040537
53.607258
32.980085
62.865470
73.733031
62.834673
70.156325
64.625486
56.413814
53.006812
53.507090
56.676504
58.399964
42.045931
62.545315
53.221056
47.178976
62.080933
64.205706
50.566624
39.782683
57.555066
53.237285
62.765820
47.493272
60.438455
67.656365
71.570199
63.608289
67.127264
72.299660
71.388450
66.053771
76.795595
62.032791
52.010244
76.061381
60.010704
60.954285
58.776948
62.914769
58.274293
58.677875
52.443059
52.999803
53.601629
61.688113
66.379531
59.531508
58.192986
59.455657
72.405691
57.784859
50.683596
50.055129
54.046703
38.007795
65.987808
63.157754
51.616513
79.107739
48.827319
46.498965
58.248037
50.157665
62.934355
49.291998
47.082478
42.585219
50.310065
62.543259
68.810643
46.421104
52.288594
68.806988
59.980659
60.256904
63.621318
65.716474
40.786624
81.905313
53.311024
46.953518
34.954381
42.064414
58.944382
67.788846
55.460056
68.221625
53.592124
48.406083
65.700468
63.098619
57.178692
65.301777
61.418253
68.527644
50.302996
52.999517
60.512181
65.185193
78.003379
60.364340
57.812855
73.385557
53.888639
58.719105
38.531170
73.032625
51.003904
43.383451
47.319541
63.877760
74.395662
65.428695
44.734233
55.012351
60.285643
28.225743
54.851721
53.028293
57.499546
77.017506
43.764595
47.102952
65.264928
79.171683
79.644471
63.314088
50.607537
40.434359
46.119669
75.232244
57.798775
47.862476
66.961819
60.885433
59.797734
52.938422
60.095696
64.951509
72.511709
56.024299
60.315659
61.853954
53.579185
35.760997
53.112780
57.613206
82.852356
60.987582
55.943699
47.365525
62.587096
64.053076
70.294704
54.663342
42.153454
66.035824
74.871524
66.088983
68.580179
65.623965
62.987654
61.573432
71.523372
65.656208
51.611436
48.165184
31.295451
67.841894
45.349563
54.355002
58.510480
54.275851
68.682740
72.141082
31.294066
67.266346
59.781784
51.946924
55.967560
47.737602
59.750049
60.647945
60.296321
51.563541
58.140931
64.784118
48.154059
67.700340
60.880596
52.417698
42.807161
62.234249
75.023908
52.736504
57.055860
63.109809
44.280613
70.014186
68.285994
62.404322
50.200359
62.776406
56.571307
61.531588
55.973462
58.142283
61.563769
56.917338
67.838895
60.377903
62.546123
50.447841
41.961619
47.762141
66.597294
59.856911
54.120063
42.123621
54.047334
70.778975
57.422339
41.444379
41.634061
63.597330
48.690332
34.501798
65.819343
31.191826
55.388240
50.279537
71.421750
55.494440
60.858450
54.387914
81.105782
52.309508
69.695742
62.766972
45.740516
66.347953
47.676015
58.960424
52.154323
44.385022
62.540416
43.774100
61.393281
50.721646
54.266086
53.557607
62.294018
49.160782
60.135875
77.971555
59.493238
66.561432
56.594007
31.339680
51.095167
59.625761
51.102042
61.701051
44.283961
53.816116
70.458309
61.356350
36.397030
48.799130
52.058690
49.343399
59.297723
64.907092
56.145044
54.419661
60.138385
53.811932
66.819066
69.008431
56.425826
63.220807
46.938916
47.559706
58.941550
70.574124
75.354451
55.788829
77.765757
54.000760
53.437087
61.149986
57.621880
46.091890
79.402353
51.847290
66.679720
67.253859
56.925842
51.402826
53.771982
59.627155
67.486287
61.911701
54.125133
71.735760
64.397424
47.101528
75.808452
54.334817
56.265489
50.563378
67.025122
57.128532
59.696005
39.082100
51.194184
60.405884
61.734384
58.190655
43.116738
78.756181
53.827970
64.729801
44.233602
55.658959
59.036081
58.208930
60.186829
58.170917
57.824671
53.886324
65.722797
60.663203
79.041697
49.073769
61.214848
67.103682
59.758134
61.039034
72.382891
40.269704
63.502674
65.319082
55.781773
66.134517
62.088822
68.490626
59.533005
67.321373
67.488250
63.134338
52.182940
46.023052
54.926423
54.516694
61.877198
64.110468
59.014582
41.418557
53.947233
48.339534
54.602316
67.208928
77.368463
68.345768
61.064042
62.461028
59.096018
61.835598
76.064797
55.282821
48.244648
59.829048
54.591968
66.108572
67.505795
67.153681
49.081630
52.041880
59.440917
50.578716
70.415879
79.577249
55.330974
61.048546
69.040627
55.147105
65.664182
68.227367
60.725351
76.896512
69.262520
36.946092
55.798356
51.434910
50.350621
66.164566
50.932023
57.235782
65.044875
59.405726
56.243252
36.935704
54.656379
36.634898
60.931008
69.882905
48.689760
60.860451
70.140118
60.562474
72.545766
57.390988
45.647780
53.468058
66.446511
62.969145
51.872571
40.904313
47.120403
54.507321
58.262838
62.767350
87.354342
66.604406
66.847730
60.691252
51.401754
55.061841
51.920659
62.092365
46.874913
68.811341
67.064637
57.728338
85.781178
59.520841
58.225017
54.889914
70.313187
56.905047
50.405967
42.210443
65.321326
77.850442
55.700896
54.697280
53.248320
67.599480
58.199804
55.271138
69.029734
48.263883
59.508225
70.224604
59.073299
57.633656
55.447520
60.070902
65.099450
64.540144
53.692671
66.569722
52.387441
55.917651
49.418080
64.511271
48.700597
64.872857
49.838807
67.458059
60.484597
51.254382
62.515289
47.678655
68.808789
80.352711
50.818628
48.946125
58.175668
59.350932
54.538565
61.919847
59.720799
52.395428
53.412907
64.633653
61.215505
39.252513
71.382445
67.648088
60.564987
52.632473
79.460291
68.520350
45.481431
50.246199
66.316236
60.348876
53.783556
58.559940
69.974869
57.990106
61.428511
60.509627
47.990315
53.811661
47.077049
67.396479
62.631848
60.281753
62.528857
40.104178
49.280316
61.416078
70.888786
70.398793
61.663331
77.213632
49.451802
59.386186
43.667966
60.533517
57.464635
51.323518
72.537529
50.520825
49.969578
65.742968
72.218107
59.778133
54.240375
55.986714
58.752052
66.366534
71.569834
58.604983
69.447773
53.235797
72.861513
66.548110
57.511849
59.440964
48.128535
43.748474
50.649937
71.093330
60.748315
60.564429
55.586467
66.694718
70.363073
69.402909
66.470106
62.072863
59.162913
65.155028
56.020078
56.274075
70.651115
49.539422
65.628445
60.951797
48.759428
73.464265
62.657991
49.078442
78.664455
47.442866
79.778076
84.404782
70.727590
52.187129
59.514249
42.391746
59.400499
54.242500
60.171996
57.872678
44.567207
71.946170
44.237569
78.664235
67.560216
66.648498
60.297469
51.286894
55.103400
47.152381
40.997539
74.193224
44.024619
72.996730
54.814455
53.374470
41.411303
56.365402
60.625220
61.656031
62.185523
57.152575
66.410638
56.395006
73.971250
74.772882
59.572320
49.119345
48.706729
70.470944
56.654829
56.501476
65.721831
67.777433
66.456239
68.853517
45.391092
40.953308
55.144620
75.705127
53.731318
62.681908
58.943211
75.291255
68.555528
42.069368
40.282804
61.010773
64.434914
52.677497
68.572247
60.442672
62.796287
51.322125
66.440193
64.456637
71.873824
57.883980
65.948401
56.689975
61.567215
67.187367
68.367149
61.378989
60.616084
58.508814
69.320077
54.817207
42.952193
68.557582
48.153274
72.262959
55.911056
57.455982
75.193023
57.307073
52.729511
78.029170
65.305451
57.254852
54.016954
57.468194
39.938035
54.232285
56.901308
57.606682
52.293273
73.739580
47.754338
66.265982
71.916351
73.585444
55.249336
56.190121
53.774117
50.511208
51.451793
63.152741
75.138713
53.218972
74.362879
67.689012
64.752926
51.468355
48.404457
66.461537
46.027728
75.028091
64.029342
71.641364
57.302114
65.536144
63.292517
59.599997
63.864375
67.971436
53.885687
64.665651
37.613561
57.660264
39.264771
68.089436
77.600970
59.249997
45.793073
53.327814
80.271632
45.014005
57.593108
49.021080
63.230533
61.188849
50.734571
63.663950
48.281337
61.042928
57.789236
54.262391
52.061819
64.856163
65.316705
56.117580
51.148939
69.103472
48.683657
59.567511
58.053393
53.083807
71.171678
55.030521
51.235895
68.144692
67.678314
58.675123
63.755970
57.171930
59.805956
64.765446
67.058881
52.058902
42.945350
60.175173
60.853990
59.368081
61.895312
74.270974
59.973098
43.213317
51.476710
67.749147
67.131547
54.017662
51.932592
45.986766
44.789652
61.990676
47.921816
86.136882
76.792172
40.103937
56.468023
59.049140
35.140559
70.919224
61.203626
36.747916
67.209896
50.257992
49.646486
70.535113
63.594420
44.315184
68.932926
76.772840
51.286341
65.575395
69.659760
64.308384
47.530637
68.204560
47.433401
56.789924
55.660175
54.025334
60.425189
65.827105
45.550624
66.540359
67.493632
71.735134
76.548757
47.867997
64.428040
44.551405
42.451968
72.665825
53.022516
65.508192
57.562832
81.662986
65.850043
55.117961
67.951230
49.199376
84.275955
58.211865
51.384637
51.978447
46.577777
29.524941
58.430856
69.014465
77.897629
59.363151
70.284958
50.656435
70.389924
65.251796
42.820038
70.725517
68.717231
67.466669
56.292459
45.731691
77.162904
67.932384
50.978573
51.412435
58.379793
54.063296
44.581983
58.585327
59.296927
67.282903
48.076116
62.400972
66.884290
73.751618
63.584495
60.098869
36.259304
47.408553
52.468794
64.656096
73.241027
64.995265
43.067516
51.413570
69.932193
71.070006
45.437778
50.393156
57.583245
60.868241
75.520289
51.590829
50.241278
31.008065
55.992187
60.381081
50.673385
60.453597
47.619951
60.935943
65.743125
55.342220
56.026869
75.961160
65.078262
47.221274
65.080364
49.538134
59.605170
69.714301
49.260349
62.289761
31.834405
55.368123
41.728856
48.259002
56.036495
73.075953
55.810263
66.949520
54.942339
65.110705
65.137412
67.791708
37.679519
63.606179
65.157734
64.618176
60.404540
61.372728
58.592813
54.048722
59.040977
51.595784
60.012298
52.203570
76.750568
48.414940
59.829116
54.573737
31.785082
65.990923
66.489068
65.300432
63.421753
57.140767
43.102085
67.719983
69.982094
53.034440
55.156411
35.423898
42.545421
69.410083
49.928822
58.896434
64.069220
64.022776
50.466201
55.663745
72.241238
79.444761
61.287479
65.619296
54.804868
58.033609
63.744681
76.870135
55.089982
63.214175
43.552485
55.403084
63.343112
42.132730
65.468314
63.743812
56.681335
59.105438
69.614598
38.270116
88.327907
57.402158
57.945752
40.995092
65.396802
54.617380
59.239626
55.725858
60.988204
64.851830
62.542152
49.964115
51.044285
63.289314
55.645162
53.977983
50.040276
58.763887
54.290482
70.584808
66.649636
71.344654
49.720100
65.162985
66.237673
62.992441
74.099230
58.298375
47.463600
50.606701
60.138928
46.732739
60.960046
46.247779
43.243669
61.756679
80.277386
66.464399
50.715753
63.704804
58.122554
40.291620
48.966157
51.267523
56.913402
69.112884
69.047985
44.036584
53.626400
53.714739
43.571992
68.876751
68.481099
65.379162
75.271727
60.073892
75.931368
48.652987
40.909995
63.540192
52.367011
63.571285
71.377305
56.025212
51.669941
64.963255
48.104946
55.647098
47.879864
51.863971
64.721640
61.301370
64.139942
87.676312
48.567695
50.162775
76.072763
66.049949
69.541764
61.730072
57.722201
68.251311
57.784865
47.002841
53.050142
72.623065
44.416317
73.812644
67.593162
63.157572
60.993717
64.455386
33.036374
59.764318
68.688580
36.034792
42.604732
56.068320
60.609811
51.245883
63.167248
65.876434
54.464102
49.006324
56.460318
67.636507
53.869568
59.642465
50.056879
64.632133
41.823486
47.016541
60.815659
66.923370
69.978251
71.210231
59.342522
62.598789
49.363767
46.295810
48.103966
65.351542
62.064710
59.749887
71.749652
65.946505
44.734159
76.637474
63.808374
51.881667
89.443067
73.208512
64.743943
47.712418
50.295724
73.051328
74.462578
77.416344
55.919382
53.610260
51.711454
56.075210
60.605131
59.264699
73.553296
56.983475
64.586609
64.752967
43.456247
52.035820
58.527269
50.527595
55.385062
70.443720
58.396167
52.084516
69.467162
74.294411
70.668050
64.040554
61.515535
59.657852
50.508870
80.991775
50.445692
54.514070
71.319843
46.292084
77.426490
71.009896
50.650652
54.027415
64.199979
36.142940
66.900917
64.618443
44.341872
48.146084
62.444647
55.220216
69.189177
54.351544
56.755936
62.449127
62.753201
65.004788
65.349841
68.473605
52.687291
55.036185
62.898508
78.094715
52.053442
63.803927
58.878991
68.104743
48.262445
68.593417
67.701037
52.448177
58.346293
58.773416
58.690822
55.802510
77.922973
48.624500
70.814504
76.205869
60.611010
53.437648
51.069009
61.613833
55.039319
60.744448
59.742714
69.403491
75.150193
53.907536
55.142750
51.838475
52.734491
65.819445
80.013771
63.003399
76.231923
53.440735
52.606363
52.479880
67.694901
52.157577
56.312296
54.060278
51.175948
44.530916
66.024661
57.717494
57.219114
58.208466
53.141026
64.163089
57.851725
58.526220
55.323313
42.943796
62.020478
56.319184
57.669290
57.508287
62.435375
71.887694
71.178202
48.360231
50.842511
53.735842
74.078045
81.513776
63.310318
66.074470
60.020998
64.699358
68.489232
65.309906
74.431623
64.148386
64.090972
56.006852
52.203110
65.083769
41.427691
51.126108
45.711722
56.492901
64.553773
51.127238
61.440982
49.583524
66.901960
64.751702
61.910468
68.582732
63.187763
64.945868
65.958342
69.334063
60.101023
69.058929
68.793339
68.890957
60.496995
54.039120
25.272732
62.027624
44.556055
56.621832
57.310832
76.766729
81.647679
47.866560
58.072169
64.998996
49.739413
70.571723
55.303759
55.434423
62.961765
55.561675
55.837182
58.390058
49.893374
38.975941
80.136995
65.692591
66.243874
67.284703
70.315930
50.764521
72.633157
59.901972
64.340989
68.955232
85.695102
53.820933
62.391820
71.187211
65.486120
48.691039
68.677369
51.203883
63.754403
55.387286
56.923456
59.594411
49.748548
55.170143
51.245558
37.328761
65.565749
55.600264
64.379907
47.835362
59.429625
58.486101
66.489597
52.682021
62.253916
45.418077
56.933169
50.325657
60.327274
50.417793
43.171756
28.265481
57.565242
58.699281
49.864407
58.804674
48.187627
60.855892
63.564173
56.494486
61.189358
84.916690
54.917010
58.558141
64.112938
58.106089
47.090156
58.710284
58.438875
69.388382
62.031287
65.302294
63.441111
67.438285
65.979273
62.659753
50.497553
42.033371
57.631473
43.723002
47.740812
58.756265
59.509024
67.124553
54.050436
62.457424
71.045457
56.290739
58.641289
64.255470
74.687371
48.436155
50.291176
59.509704
61.066847
78.890450
60.866607
52.964425
40.433879
65.544266
65.818909
57.464020
60.633833
73.355550
52.413997
59.172964
61.029632
65.853530
44.443039
46.246623
60.292452
53.630796
44.889467
70.484735
46.219610
67.934882
68.050883
35.345718
47.458189
57.889950
37.697363
51.837700
59.149512
58.715113
53.790993
73.501903
64.325389
69.306611
53.490440
57.347757
68.720313
59.327478
47.754570
35.914117
47.974328
56.874995
59.150575
57.632027
62.786380
65.659487
72.987708
55.986824
48.777269
61.864880
55.432741
60.458462
68.557082
39.462365
50.533197
31.670751
61.529051
49.780036
55.838557
33.561733
51.495302
65.181601
57.517543
49.723729
68.684864
41.579226
61.809821
52.310542
57.030893
59.977792
51.323708
62.496427
47.703752
60.170949
48.124615
56.913204
55.456831
71.655650
61.961282
57.363828
41.776369
54.968675
51.138415
95.468508
50.541368
66.431350
61.593322
66.853045
64.511684
78.298213
55.796829
64.774459
63.621121
50.119834
66.212973
62.075755
59.069012
93.711448
56.211415
47.308413
58.653313
57.606159
70.810014
61.100752
69.049910
59.845759
69.428370
47.492791
82.511634
62.773085
74.537556
51.012743
44.849861
71.365531
58.959659
48.305301
46.874559
47.786082
67.793096
59.673174
47.296845
62.036823
48.264611
72.778256
58.881687
43.061022
55.198838
61.128668
52.068745
64.049736
68.278190
77.279636
46.817099
68.283049
68.486860
69.364500
40.955677
56.563292
54.907106
49.019666
47.861965
68.978175
55.018110
40.173951
60.641299
59.141897
69.089501
68.029424
49.675814
53.942530
35.084550
46.037161
67.000973
63.393026
51.838789
60.546790
72.278219
64.676316
53.121463
71.284858
45.144868
65.694870
68.305511
46.424541
69.116448
53.793278
50.012216
72.193269
57.081448
62.126796
48.507184
51.742556
66.602286
50.835283
52.177738
43.601151
55.910667
72.605505
46.053536
67.418485
55.102310
79.496399
70.451907
54.499981
63.948191
61.179488
66.639015
65.374498
60.898599
48.374698
71.641372
53.208252
74.028426
66.145839
56.514938
61.551231
60.744049
66.836927
49.236657
59.613195
53.291991
55.867897
62.167410
52.312372
61.167624
56.784545
64.179915
54.261693
71.397043
70.149464
49.800900
52.005446
71.505589
55.313961
71.497922
58.733068
42.950013
62.978655
49.914606
74.418586
75.509270
59.397151
44.865803
52.726729
56.522039
58.516019
54.047533
74.447295
60.019279
52.829773
75.697556
68.523968
51.224610
67.500188
60.083617
71.578376
61.412389
47.852973
50.460182
43.660063
47.382689
49.383016
65.276596
65.674778
70.867104
56.343272
56.163346
58.626386
62.362241
60.812498
54.579578
52.650317
46.291325
58.316762
53.423459
52.292816
48.111095
64.530918
66.292478
50.235849
41.985242
62.343932
63.617097
59.447720
56.477677
74.835685
61.599915
59.761263
61.202359
51.735377
72.032846
46.333788
51.316360
54.412746
57.263757
55.586199
56.000243
39.871713
49.256345
51.896606
62.466631
37.083393
55.368136
59.751262
52.607410
74.782413
71.068822
76.163227
58.154216
76.590478
66.417911
59.913290
56.379875
67.265681
65.846349
70.430352
57.432134
74.535377
75.438817
61.575263
65.101098
59.458258
48.204877
79.899211
49.307963
50.304664
50.437765
62.747980
70.468597
57.110695
39.035850
50.156195
66.229848
62.090591
42.892576
65.041738
63.806529
47.843086
51.586029
72.573619
58.056035
66.545366
64.828887
79.580152
67.184042
46.679276
66.294140
51.660798
66.341451
72.372541
68.052046
66.243767
54.240772
70.490047
53.563145
62.573988
71.689682
63.074372
52.258085
54.335487
69.427703
58.067487
54.251208
67.025758
61.891299
54.473878
57.855782
53.368365
63.571211
61.848728
73.566182
53.686104
55.743457
65.841697
65.327739
53.384842
51.318556
60.914489
61.077696
60.804940
62.118911